image: kenkyugakuen_ok_20181025_ver4_for_costmap.pgm
resolution: 0.050000
origin: [-85.000000, -175.00000, 0.000000]
negate: 0
occupied_thresh: 0.65
free_thresh: 0.196

